	10
Cerastium_   0.00000   0.00000   0.00000   0.00000   0.14593   0.00000   0.13168   0.14822   0.13819   0.13445
Cerastium_   0.00000   0.00000   0.00000   0.00000   0.14905   0.00000   0.14526   0.16411   0.14322   0.14100
Cerastium_   0.00000   0.00000   0.00000   0.00000   0.14467   0.00000   0.13800   0.15560   0.14035   0.13627
Cerastium_   0.00000   0.00000   0.00000   0.00000   0.13864   0.00000   0.13333   0.14205   0.13333   0.13052
Eremogone_   0.14593   0.14905   0.14467   0.13864   0.00000   0.13929   0.17372   0.12963   0.13034   0.10811
Cerastium_   0.00000   0.00000   0.00000   0.00000   0.13929   0.00000   0.13447   0.16269   0.15013   0.12850
Sabulina_n   0.13168   0.14526   0.13800   0.13333   0.17372   0.13447   0.00000   0.15424   0.13734   0.13106
Silene_aca   0.14822   0.16411   0.15560   0.14205   0.12963   0.16269   0.15424   0.00000   0.15871   0.09764
Minuartia_   0.13819   0.14322   0.14035   0.13333   0.13034   0.15013   0.13734   0.15871   0.00000   0.12125
Eremogone_   0.13445   0.14100   0.13627   0.13052   0.10811   0.12850   0.13106   0.09764   0.12125   0.00000
