	6
Achillea_m   0.00000   0.14263   0.15785   0.15691   0.09349   0.09986
Abies_lasi   0.14263   0.00000   0.10859   0.20148   0.13047   0.14749
Juniperus_   0.15785   0.10859   0.00000   0.20333   0.14592   0.15785
Claytonia_   0.15691   0.20148   0.20333   0.00000   0.13902   0.15528
Saxifraga_   0.09349   0.13047   0.14592   0.13902   0.00000   0.08123
Pediculari   0.09986   0.14749   0.15785   0.15528   0.08123   0.00000
