	12
Trisetum_s   0.00000   0.38095   0.11146   0.11050   0.11326   0.13070   0.11628   0.10615   0.10000   0.13272   0.00304   0.11326
Trisetum_s   0.38095   0.00000   0.15714   0.10952   0.11005   0.14762   0.13810   0.19048   0.17143   0.14286   0.03333   0.10476
Phleum_alp   0.11146   0.15714   0.00000   0.08725   0.08571   0.11279   0.10000   0.08136   0.06419   0.11111   0.10772   0.08725
Deschampsi   0.11050   0.10952   0.08725   0.00000   0.00983   0.10667   0.10508   0.08628   0.08866   0.10588   0.09464   0.00926
Deschampsi   0.11326   0.11005   0.08571   0.00983   0.00000   0.10684   0.10877   0.08499   0.08879   0.10606   0.09660   0.01391
Elymus_ely   0.13070   0.14762   0.11279   0.10667   0.10684   0.00000   0.13485   0.13950   0.12563   0.00166   0.12321   0.10333
Festuca_br   0.11628   0.13810   0.10000   0.10508   0.10877   0.13485   0.00000   0.11640   0.10035   0.13310   0.10654   0.10683
Poa_secund   0.10615   0.19048   0.08136   0.08628   0.08499   0.13950   0.11640   0.00000   0.03463   0.13898   0.12410   0.09701
Poa_fendle   0.10000   0.17143   0.06419   0.08866   0.08879   0.12563   0.10035   0.03463   0.00000   0.12500   0.10952   0.09791
Elymus_ely   0.13272   0.14286   0.11111   0.10588   0.10606   0.00166   0.13310   0.13898   0.12500   0.00000   0.12186   0.10252
Trisetum_s   0.00304   0.03333   0.10772   0.09464   0.09660   0.12321   0.10654   0.12410   0.10952   0.12186   0.00000   0.09464
Deschampsi   0.11326   0.10476   0.08725   0.00926   0.01391   0.10333   0.10683   0.09701   0.09791   0.10252   0.09464   0.00000
