	9
Phleum_alp   0.00000   0.03975   0.03941   0.02989   0.08717   0.08191   0.04797   0.08157   0.02027
Deschampsi   0.03975   0.00000   0.00736   0.03180   0.07062   0.06428   0.00737   0.05205   0.02113
Deschampsi   0.03941   0.00736   0.00000   0.03866   0.08125   0.07239   0.01458   0.06081   0.02802
Festuca_br   0.02989   0.03180   0.03866   0.00000   0.07675   0.07675   0.03559   0.03171   0.02492
Elymus_ely   0.08717   0.07062   0.08125   0.07675   0.00000   0.01282   0.08302   0.08667   0.06306
Elymus_ely   0.08191   0.06428   0.07239   0.07675   0.01282   0.00000   0.07299   0.07480   0.06306
Deschampsi   0.04797   0.00737   0.01458   0.03559   0.08302   0.07299   0.00000   0.04633   0.02534
Trisetum_s   0.08157   0.05205   0.06081   0.03171   0.08667   0.07480   0.04633   0.00000   0.03902
Poa_secund   0.02027   0.02113   0.02802   0.02492   0.06306   0.06306   0.02534   0.03902   0.00000
