	7
Festuca_br   0.00000   0.00000   0.05277   0.05319   0.03190   0.02574   0.02059
Festuca_br   0.00000   0.00000   0.05277   0.05319   0.03190   0.02574   0.02059
Trisetum_s   0.05277   0.05277   0.00000   0.04920   0.04993   0.05019   0.04505
Elymus_ely   0.05319   0.05319   0.04920   0.00000   0.05256   0.05040   0.04642
Phleum_alp   0.03190   0.03190   0.04993   0.05256   0.00000   0.03191   0.02660
Deschampsi   0.02574   0.02574   0.05019   0.05040   0.03191   0.00000   0.00781
Deschampsi   0.02059   0.02059   0.04505   0.04642   0.02660   0.00781   0.00000
